'ncsf=16 ndet= 65 norb= 10 csf_sum=0.992365 cutoff_g2q=0.0025 cutoff_d2c=0.025'  title
1837465927472523                         irn
0 1                                      iperiodic,ibasis
0.5   -75.9   '  Hartrees'               hb,etrial,eunit
10   100   1   100   0                   nstep,nblk,nblkeq,nconf,nconf_new
0    0    1    -2                        idump,irstar,isite,ipr
6  1.  5.  1.  1.                        imetro delta,deltar,deltat fbias
2 1 1 1 1 0 0 0 0                        idmc,ipq,itau_eff,iacc_rej,icross,icuspg,idiv_v,icut_br,icut_e
50  .1                                   nfprod,tau
0  -1   1  0                             nloc,numr,nforce,nefp
12 6 	 	 	 	 	 nelec,nup

'* Geometry section'
3 	 	 	 	 	 ndim
1 2 	 	 	 	 	 nctype,ncent
1 1 (iwctype(i),i=1,ncent)
6.0 (znuc(i),i=1,nctype)
  0.00000000   0.00000000  -1.17405000 1
  0.00000000   0.00000000   1.17405000 1 ((cent(k,i),k=1,3),i=1,ncent)

'* Determinantal section'
0 0 tm                                   inum_orb,iorb_used,iorb_format
 65  44  44                              ndet,nbasis,norb
  2   2  4 4 4   1  0 0 0  1 1 1 1 1   0  0 0 0  0 0 0 0 0  0 0 0 0 0 0 0  0  0 0 0  0 0 0 0 0 n1s...4pz,sa,pa,da
-0.82922397E+00 0.68387576E+00 -0.49028956E+00 0.90337703E+00 0.44914626E+00 0. 0. 0. 0. 0. 0. 0. 0. 0.15130040E+00 -0.11739222E+00 0.26362521E+00 0.29391871E+00 -0.17069902E-01 0. 0. 0. 0. -0.82922397E+00 0.68387576E+00 -0.49028956E+00 0.90337703E+00 0.44914626E+00 0. 0. 0. 0. 0. 0. 0. 0. -0.15130040E+00 0.11739222E+00 -0.26362521E+00 -0.29391871E+00 -0.17069902E-01 0. 0. 0. 0. ((coef(j,i),j=1,nbasis),i=1,norb)
0.99430665E+00 0.62496220E+00 -0.24232954E-01 0.62336336E-02 0.13425140E-01 0. 0. 0. 0. 0. 0. 0. 0. -0.39272510E+00 0.29512451E+00 -0.68256284E-02 -0.12579900E-02 -0.49190924E-02 0. 0. 0. 0. -0.99430665E+00 -0.62496220E+00 0.24232954E-01 -0.62336336E-02 -0.13425140E-01 0. 0. 0. 0. 0. 0. 0. 0. -0.39272510E+00 0.29512451E+00 -0.68256284E-02 -0.12579900E-02 0.49190924E-02 0. 0. 0. -0.
-0.77887647E+00 0.71968027E+00 -0.49202560E+00 0.89340722E+00 0.44688146E+00 0. 0. 0. 0. 0. 0. 0. 0. 0.12888404E+00 -0.10034477E+00 0.26064608E+00 0.29075536E+00 -0.17109412E-01 0. 0. 0. 0. -0.77887647E+00 0.71968027E+00 -0.49202560E+00 0.89340722E+00 0.44688146E+00 0. 0. 0. 0. 0. 0. 0. 0. -0.12888404E+00 0.10034477E+00 -0.26064608E+00 -0.29075536E+00 -0.17109412E-01 0. 0. 0. 0.
0. 0. 0. 0. 0. -0.65849394E-01 0.59003269E-01 0.44559387E+00 0.93591283E+00 0. 0. 0. 0. 0. 0. 0. 0. 0. 0. 0. -0.30046156E-01 0. 0. 0. 0. 0. 0. -0.65849394E-01 0.59003269E-01 0.44559387E+00 0.93591283E+00 0. 0. 0. 0. 0. 0. 0. 0. 0. 0. 0. 0.30046156E-01 -0.
0. 0. 0. 0. 0. 0. 0. 0. 0. -0.63409772E-01 0.56186602E-01 0.44643154E+00 0.93278450E+00 0. 0. 0. 0. 0. 0. 0. 0. -0.30214302E-01 0. 0. 0. 0. 0. 0. 0. 0. 0. -0.63409772E-01 0.56186602E-01 0.44643154E+00 0.93278450E+00 0. 0. 0. 0. 0. 0. 0. 0. 0.30214302E-01
0.10548483E+01 -0.36513361E-01 0.26760249E+00 -0.64539230E+00 -0.24921602E+00 0. 0. 0. 0. 0. 0. 0. 0. -0.38152305E+00 0.29910852E+00 0.17148384E+00 0.48740400E+00 -0.18777328E-01 0. 0. 0. 0. -0.10548483E+01 0.36513361E-01 -0.26760249E+00 0.64539230E+00 0.24921602E+00 0. 0. 0. 0. 0. 0. 0. 0. -0.38152305E+00 0.29910852E+00 0.17148384E+00 0.48740400E+00 0.18777328E-01 0. 0. 0. -0.
0.41981015E+00 0.33124106E+00 -0.95889419E-01 0.95371841E+00 0.24652896E+00 0. 0. 0. 0. 0. 0. 0. 0. -0.11834163E+00 0.83881748E-01 -0.10709788E+00 -0.30807618E+00 0.11979660E-01 0. 0. 0. 0. 0.41981015E+00 0.33124106E+00 -0.95889419E-01 0.95371841E+00 0.24652896E+00 0. 0. 0. 0. 0. 0. 0. 0. 0.11834163E+00 -0.83881748E-01 0.10709788E+00 0.30807618E+00 0.11979660E-01 0. 0. 0. -0.
0. 0. 0. 0. 0. 0. 0. 0. 0. 0.24808302E+00 -0.22812022E+00 0.27540203E+00 0.99558147E+00 0. 0. 0. 0. 0. 0. 0. 0. -0.57085938E-01 0. 0. 0. 0. 0. 0. 0. 0. 0. -0.24808302E+00 0.22812022E+00 -0.27540203E+00 -0.99558147E+00 0. 0. 0. 0. 0. 0. 0. 0. -0.57085938E-01
0. 0. 0. 0. 0. 0.25241135E+00 -0.23342819E+00 0.28097172E+00 0.98638381E+00 0. 0. 0. 0. 0. 0. 0. 0. 0. 0. 0. -0.58692676E-01 0. 0. 0. 0. 0. 0. -0.25241135E+00 0.23342819E+00 -0.28097172E+00 -0.98638381E+00 0. 0. 0. 0. 0. 0. 0. 0. 0. 0. 0. -0.58692676E-01 -0.
0.11206554E+01 -0.17898202E+00 0.28709462E+00 -0.14630860E+00 -0.34707276E-01 0. 0. 0. 0. 0. 0. 0. 0. 0.38228148E-01 -0.75879654E-01 0.70071738E-01 -0.70916832E-01 0.10130602E-01 0. 0. 0. 0. -0.11206554E+01 0.17898202E+00 -0.28709462E+00 0.14630860E+00 0.34707276E-01 0. 0. 0. 0. 0. 0. 0. 0. 0.38228148E-01 -0.75879654E-01 0.70071738E-01 -0.70916832E-01 -0.10130602E-01 0. 0. 0. 0.
0. 0. 0. 0. 0. 0.99032512E+00 -0.90876310E+00 -0.22983540E+00 0.38045537E+00 0. 0. 0. 0. 0. 0. 0. 0. 0. 0. 0. -0.23083204E-01 0. 0. 0. 0. 0. 0. 0.99032512E+00 -0.90876310E+00 -0.22983540E+00 0.38045537E+00 0. 0. 0. 0. 0. 0. 0. 0. 0. 0. 0. 0.23083204E-01 -0.
0. 0. 0. 0. 0. 0. 0. 0. 0. 0.98735992E+00 -0.90594346E+00 -0.22681665E+00 0.38654598E+00 0. 0. 0. 0. 0. 0. 0. 0. -0.23136754E-01 0. 0. 0. 0. 0. 0. 0. 0. 0. 0.98735992E+00 -0.90594346E+00 -0.22681665E+00 0.38654598E+00 0. 0. 0. 0. 0. 0. 0. 0. 0.23136754E-01
0.68747543E+00 -0.59957935E+00 0.29185589E+00 0.56652120E+00 -0.13710038E+00 0. 0. 0. 0. 0. 0. 0. 0. 0.55002775E+00 -0.49885905E+00 -0.53698496E-02 0.23535221E+00 -0.27334363E-01 0. 0. 0. 0. 0.68747543E+00 -0.59957935E+00 0.29185589E+00 0.56652120E+00 -0.13710038E+00 0. 0. 0. 0. 0. 0. 0. 0. -0.55002775E+00 0.49885905E+00 0.53698496E-02 -0.23535221E+00 -0.27334363E-01 0. 0. 0. -0.
-0.63327459E+00 0.51494673E+00 -0.29538498E+00 0.68015448E-01 0.23515765E+00 0. 0. 0. 0. 0. 0. 0. 0. 0.10040506E+01 -0.91881765E+00 -0.35438663E+00 0.34004916E+00 -0.72015624E-02 0. 0. 0. 0. 0.63327459E+00 -0.51494673E+00 0.29538498E+00 -0.68015448E-01 -0.23515765E+00 0. 0. 0. 0. 0. 0. 0. 0. 0.10040506E+01 -0.91881765E+00 -0.35438663E+00 0.34004916E+00 0.72015624E-02 0. 0. 0. -0.
0. 0. 0. 0. 0. 0. 0. 0. 0. 0.10031996E+01 -0.91663045E+00 -0.38744195E+00 0.33041290E+00 0. 0. 0. 0. 0. 0. 0. 0. -0.25243452E-01 0. 0. 0. 0. 0. 0. 0. 0. 0. -0.10031996E+01 0.91663045E+00 0.38744195E+00 -0.33041290E+00 0. 0. 0. 0. 0. 0. 0. 0. -0.25243452E-01
0. 0. 0. 0. 0. 0.98869363E+00 -0.90285191E+00 -0.38078398E+00 0.35099909E+00 0. 0. 0. 0. 0. 0. 0. 0. 0. 0. 0. -0.24307771E-01 0. 0. 0. 0. 0. 0. -0.98869363E+00 0.90285191E+00 0.38078398E+00 -0.35099909E+00 0. 0. 0. 0. 0. 0. 0. 0. 0. 0. 0. -0.24307771E-01 0.
0.10627820E+01 -0.79305110E+00 0.48314683E+00 0.19829372E+00 -0.38070204E+00 0. 0. 0. 0. 0. 0. 0. 0. -0.82270391E+00 0.75247676E+00 0.24171722E+00 -0.23790682E+00 0.31404635E-01 0. 0. 0. 0. 0.10627820E+01 -0.79305110E+00 0.48314683E+00 0.19829372E+00 -0.38070204E+00 0. 0. 0. 0. 0. 0. 0. 0. 0.82270391E+00 -0.75247676E+00 -0.24171722E+00 0.23790682E+00 0.31404635E-01 0. 0. 0. -0.
0.81664936E+00 -0.74380717E+00 0.41103620E+00 0.52758416E+00 -0.37507736E+00 0. 0. 0. 0. 0. 0. 0. 0. 0.11866140E+00 -0.97903982E-01 -0.85596023E-01 0.19575642E+00 -0.23272710E-01 0. 0. 0. 0. -0.81664936E+00 0.74380717E+00 -0.41103620E+00 -0.52758416E+00 0.37507736E+00 0. 0. 0. 0. 0. 0. 0. 0. 0.11866140E+00 -0.97903982E-01 -0.85596023E-01 0.19575642E+00 0.23272710E-01 0. 0. 0. -0.
0. 0. 0. 0. 0. 0.10017408E+01 -0.93239679E+00 -0.38828322E-01 -0.33272300E-01 0. 0. 0. 0. 0. 0. 0. 0. 0. 0. 0. -0.41304052E+00 0. 0. 0. 0. 0. 0. 0.10017408E+01 -0.93239679E+00 -0.38828322E-01 -0.33272300E-01 0. 0. 0. 0. 0. 0. 0. 0. 0. 0. 0. 0.41304052E+00 0.
0. 0. 0. 0. 0. 0. 0. 0. 0. 0.10025315E+01 -0.93314600E+00 -0.39306640E-01 -0.33936594E-01 0. 0. 0. 0. 0. 0. 0. 0. -0.41302253E+00 0. 0. 0. 0. 0. 0. 0. 0. 0. 0.10025315E+01 -0.93314600E+00 -0.39306640E-01 -0.33936594E-01 0. 0. 0. 0. 0. 0. 0. 0. 0.41302253E+00
0. 0. 0. 0. 0. 0. 0. 0. 0. 0. 0. 0. 0. 0. 0. 0. 0. 0. 0. 1. 0. 0. 0. 0. 0. 0. 0. 0. 0. 0. 0. 0. 0. 0. 0. 0. 0. 0. 0. 0. 0. 1. 0. 0.
0. 0. 0. 0. 0. 0. 0. 0. 0. 0. 0. 0. 0. 0. 0. 0. 0. 0. 1. 0. 0. 0. 0. 0. 0. 0. 0. 0. 0. 0. 0. 0. 0. 0. 0. 0. 0. 0. 0. 0. 1. 0. 0. 0.
0. 0. 0. 0. 0. 0. 0. 0. 0. 0. 0. 0. 0. 0. 0. 0. 0. 0. 1. 0. 0. 0. 0. 0. 0. 0. 0. 0. 0. 0. 0. 0. 0. 0. 0. 0. 0. 0. 0. 0. -0.10000000E+01 0. 0. 0.
0. 0. 0. 0. 0. 0. 0. 0. 0. 0. 0. 0. 0. 0. 0. 0. 0. 0. 0. 1. 0. 0. 0. 0. 0. 0. 0. 0. 0. 0. 0. 0. 0. 0. 0. 0. 0. 0. 0. 0. 0. -0.10000000E+01 0. 0.
0.42894427E+00 -0.53447835E+00 0.29657611E+00 -0.22196516E+00 -0.12876743E+00 0. 0. 0. 0. 0. 0. 0. 0. 0.96626914E+00 -0.90374787E+00 -0.64328141E-01 -0.12524153E+00 -0.16565609E+00 0. 0. 0. 0. 0.42894427E+00 -0.53447835E+00 0.29657611E+00 -0.22196516E+00 -0.12876743E+00 0. 0. 0. 0. 0. 0. 0. 0. -0.96626914E+00 0.90374787E+00 0.64328141E-01 0.12524153E+00 -0.16565609E+00 0. 0. 0. 0.
0. 0. 0. 0. 0. 0. 0. 0. 0. 0.98438264E+00 -0.91030057E+00 -0.82220870E-01 -0.15458297E+00 0. 0. 0. 0. 0. 0. 0. 0. -0.17648006E+00 0. 0. 0. 0. 0. 0. 0. 0. 0. -0.98438264E+00 0.91030057E+00 0.82220870E-01 0.15458297E+00 0. 0. 0. 0. 0. 0. 0. 0. -0.17648006E+00
0. 0. 0. 0. 0. 0.99573399E+00 -0.92113270E+00 -0.89944063E-01 -0.16251442E+00 0. 0. 0. 0. 0. 0. 0. 0. 0. 0. 0. -0.17612747E+00 0. 0. 0. 0. 0. 0. -0.99573399E+00 0.92113270E+00 0.89944063E-01 0.16251442E+00 0. 0. 0. 0. 0. 0. 0. 0. 0. 0. 0. -0.17612747E+00 -0.
0.66006097E+00 -0.41850246E+00 0.26983264E+00 0.67433891E+00 -0.33262530E+00 0. 0. 0. 0. 0. 0. 0. 0. 0.99418121E+00 -0.92569839E+00 -0.11153276E+00 0.41354144E+00 0.37444747E+00 0. 0. 0. 0. -0.66006097E+00 0.41850246E+00 -0.26983264E+00 -0.67433891E+00 0.33262530E+00 0. 0. 0. 0. 0. 0. 0. 0. 0.99418121E+00 -0.92569839E+00 -0.11153276E+00 0.41354144E+00 -0.37444747E+00 0. 0. 0. 0.
-0.27295602E+00 0.84116650E+00 -0.32409827E+00 -0.29666800E+00 0.15619905E-02 0. 0. 0. 0. 0. 0. 0. 0. -0.14298734E-01 0.10224150E-01 -0.55665617E-01 -0.54982821E-01 0.25228734E-02 0. 0. 0. 0. -0.27295602E+00 0.84116650E+00 -0.32409827E+00 -0.29666800E+00 0.15619905E-02 0. 0. 0. 0. 0. 0. 0. 0. 0.14298734E-01 -0.10224150E-01 0.55665617E-01 0.54982821E-01 0.25228734E-02 0. 0. 0. 0.
0.30815666E-01 -0.58310915E-01 0.32129917E-01 -0.68576737E-01 -0.29527644E-01 0. 0. 0. 0. 0. 0. 0. 0. 0.99329250E+00 -0.97059271E+00 -0.53700891E-01 0.31264822E-02 0.61996538E-02 0. 0. 0. 0. 0.30815666E-01 -0.58310915E-01 0.32129917E-01 -0.68576737E-01 -0.29527644E-01 0. 0. 0. 0. 0. 0. 0. 0. -0.99329250E+00 0.97059271E+00 0.53700891E-01 -0.31264822E-02 0.61996538E-02 0. 0. 0. 0.
0.10709868E+01 -0.22356800E-01 0.22526991E+00 -0.54323120E-01 -0.18251708E+00 0. 0. 0. 0. 0. 0. 0. 0. -0.12997843E-01 0.93103557E-02 -0.24923622E-01 -0.34432010E-01 0.41795492E-02 0. 0. 0. 0. 0.10709868E+01 -0.22356800E-01 0.22526991E+00 -0.54323120E-01 -0.18251708E+00 0. 0. 0. 0. 0. 0. 0. 0. 0.12997843E-01 -0.93103557E-02 0.24923622E-01 0.34432010E-01 0.41795492E-02 0. 0. 0. 0.
-0.22323543E-01 0.16402299E-01 -0.38240838E-02 0.10563634E+00 0.20746266E-02 0. 0. 0. 0. 0. 0. 0. 0. -0.73274801E+00 -0.80957457E+00 0.10045656E+01 -0.40855681E+00 -0.33598457E+00 0. 0. 0. 0. -0.22323543E-01 0.16402299E-01 -0.38240838E-02 0.10563634E+00 0.20746266E-02 0. 0. 0. 0. 0. 0. 0. 0. 0.73274801E+00 0.80957457E+00 -0.10045656E+01 0.40855681E+00 -0.33598457E+00 0. 0. 0. 0.
-0.42612379E+00 0.94740596E+00 -0.43283721E+00 -0.24979717E-01 0.12996331E+00 0. 0. 0. 0. 0. 0. 0. 0. 0.23403589E-01 -0.15042181E-01 0.29563793E-02 -0.36487230E+00 0.14076627E-02 0. 0. 0. 0. 0.42612379E+00 -0.94740596E+00 0.43283721E+00 0.24979717E-01 -0.12996331E+00 0. 0. 0. 0. 0. 0. 0. 0. 0.23403589E-01 -0.15042181E-01 0.29563793E-02 -0.36487230E+00 -0.14076627E-02 0. 0. 0. 0.
0.60567902E-01 0.70052250E-01 -0.14638146E-01 0.32267218E-01 0.40810890E-02 0. 0. 0. 0. 0. 0. 0. 0. 0.98283286E+00 -0.95992178E+00 -0.49612486E-01 -0.11360200E-01 -0.30956211E-02 0. 0. 0. 0. -0.60567902E-01 -0.70052250E-01 0.14638146E-01 -0.32267218E-01 -0.40810890E-02 0. 0. 0. 0. 0. 0. 0. 0. 0.98283286E+00 -0.95992178E+00 -0.49612486E-01 -0.11360200E-01 0.30956211E-02 0. 0. 0. 0.
0.10304535E+01 0.76616039E-02 0.20175673E+00 0.32859147E-01 -0.17392596E+00 0. 0. 0. 0. 0. 0. 0. 0. -0.36663787E-02 0.65688261E-02 0.19833141E-03 0.54547020E-01 0.99645895E-03 0. 0. 0. 0. -0.10304535E+01 -0.76616039E-02 -0.20175673E+00 -0.32859147E-01 0.17392596E+00 0. 0. 0. 0. 0. 0. 0. 0. -0.36663787E-02 0.65688261E-02 0.19833141E-03 0.54547020E-01 -0.99645895E-03 0. 0. 0. 0.
0.68173640E+00 -0.42048159E-02 0.13053552E+00 -0.96310259E-02 -0.69843553E-01 0. 0. 0. 0. 0. 0. 0. 0. -0.74222325E+00 -0.82918711E+00 0.99732847E+00 -0.21946198E+00 0.13873068E+00 0. 0. 0. 0. -0.68173640E+00 0.42048159E-02 -0.13053552E+00 0.96310259E-02 0.69843553E-01 0. 0. 0. 0. 0. 0. 0. 0. -0.74222325E+00 -0.82918711E+00 0.99732847E+00 -0.21946198E+00 -0.13873068E+00 0. 0. 0. -0.
0. 0. 0. 0. 0. 0. 0. 0. 0. 0.98173937E+00 -0.95748899E+00 -0.68707379E-01 -0.77539634E-01 0. 0. 0. 0. 0. 0. 0. 0. 0.78693187E-02 0. 0. 0. 0. 0. 0. 0. 0. 0. -0.98173937E+00 0.95748899E+00 0.68707379E-01 0.77539634E-01 0. 0. 0. 0. 0. 0. 0. 0. 0.78693187E-02
0. 0. 0. 0. 0. 0. 0. 0. 0. -0.70247508E+00 -0.77957571E+00 0.99972132E+00 -0.49142826E+00 0. 0. 0. 0. 0. 0. 0. 0. -0.25751446E+00 0. 0. 0. 0. 0. 0. 0. 0. 0. 0.70247508E+00 0.77957571E+00 -0.99972132E+00 0.49142826E+00 0. 0. 0. 0. 0. 0. 0. 0. -0.25751446E+00
0. 0. 0. 0. 0. 0.98363203E+00 -0.95922609E+00 -0.74523369E-01 -0.85845980E-01 0. 0. 0. 0. 0. 0. 0. 0. 0. 0. 0. 0.88291542E-02 0. 0. 0. 0. 0. 0. -0.98363203E+00 0.95922609E+00 0.74523369E-01 0.85845980E-01 0. 0. 0. 0. 0. 0. 0. 0. 0. 0. 0. 0.88291542E-02 0.
0. 0. 0. 0. 0. -0.70285317E+00 -0.77922420E+00 0.99964795E+00 -0.49176346E+00 0. 0. 0. 0. 0. 0. 0. 0. 0. 0. 0. -0.25745355E+00 0. 0. 0. 0. 0. 0. 0.70285317E+00 0.77922420E+00 -0.99964795E+00 0.49176346E+00 0. 0. 0. 0. 0. 0. 0. 0. 0. 0. 0. -0.25745355E+00 -0.
0. 0. 0. 0. 0. 0.10056817E+01 -0.98055004E+00 -0.79452927E-01 -0.81281306E-01 0. 0. 0. 0. 0. 0. 0. 0. 0. 0. 0. 0.43235797E-02 0. 0. 0. 0. 0. 0. 0.10056817E+01 -0.98055004E+00 -0.79452927E-01 -0.81281306E-01 0. 0. 0. 0. 0. 0. 0. 0. 0. 0. 0. -0.43235797E-02 0.
0. 0. 0. 0. 0. -0.82726984E+00 -0.89389917E+00 0.10017136E+01 -0.22714300E+00 0. 0. 0. 0. 0. 0. 0. 0. 0. 0. 0. -0.13641728E+00 0. 0. 0. 0. 0. 0. -0.82726984E+00 -0.89389917E+00 0.10017136E+01 -0.22714300E+00 0. 0. 0. 0. 0. 0. 0. 0. 0. 0. 0. 0.13641728E+00 -0.
0. 0. 0. 0. 0. 0. 0. 0. 0. 0.10079361E+01 -0.98263898E+00 -0.83416063E-01 -0.87784126E-01 0. 0. 0. 0. 0. 0. 0. 0. 0.46646998E-02 0. 0. 0. 0. 0. 0. 0. 0. 0. 0.10079361E+01 -0.98263898E+00 -0.83416063E-01 -0.87784126E-01 0. 0. 0. 0. 0. 0. 0. 0. -0.46646998E-02
0. 0. 0. 0. 0. 0. 0. 0. 0. -0.82730319E+00 -0.89386707E+00 0.10016879E+01 -0.22720977E+00 0. 0. 0. 0. 0. 0. 0. 0. -0.13641429E+00 0. 0. 0. 0. 0. 0. 0. 0. 0. -0.82730319E+00 -0.89386707E+00 0.10016879E+01 -0.22720977E+00 0. 0. 0. 0. 0. 0. 0. 0. 0.13641429E+00
6.3751996 5.0501322 4.8942077 1.576563 4.8770855 7.9615562 8.233443 3.3696665 1.181649 7.9615562 8.233443 3.3696665 1.181649 7.9615562 8.233443 3.3696665 1.181649 4.8770855 4.8770855 4.8770855 4.8770855 4.8770855 6.3751996 5.0501322 4.8942077 1.576563 4.8770855 7.9615562 8.233443 3.3696665 1.181649 7.9615562 8.233443 3.3696665 1.181649 7.9615562 8.233443 3.3696665 1.181649 4.8770855 4.8770855 4.8770855 4.8770855 4.8770855 (zex(i),i=1,nbasis)
1   2   3   4   5   6      1   2   3   4   5   6    1
1   2   3   4   5   7      1   2   3   4   5   7    2
1   2   3   5   6   9      1   2   3   5   6   9    3
1   2   3   4   6   8      1   2   3   4   6   8    3
1   2   3   4   5   7      1   2   3   4   6   8    4
1   2   3   4   6   8      1   2   3   4   5   7    4
1   2   3   4   6   7      1   2   3   4   5   8    4
1   2   3   4   5   8      1   2   3   4   6   7    4
1   2   3   4   5   9      1   2   3   5   6   7    4
1   2   3   5   6   7      1   2   3   4   5   9    4
1   2   3   4   5   7      1   2   3   5   6   9    4
1   2   3   5   6   9      1   2   3   4   5   7    4
1   2   3   5   6   9      1   2   3   4   6   8    3
1   2   3   4   6   8      1   2   3   5   6   9    3
1   2   3   5   7   9      1   2   3   5   7   9    5
1   2   3   4   7   8      1   2   3   4   7   8    5
1   2   3   4   5   9      1   2   3   4   5   9    6
1   2   3   4   5   8      1   2   3   4   5   8    6
1   2   3   5   6   8      1   2   3   4   6   9    3
1   2   3   4   6   9      1   2   3   5   6   8    3
1   2   3   4   7   9      1   2   3   5   7   8    5
1   2   3   5   7   8      1   2   3   4   7   9    5
1   2   3   4   7   8      1   2   3   5   7   9    5
1   2   3   5   7   9      1   2   3   4   7   8    5
1   2   4   5   6  10      1   2   4   5   6  10    7
1   2   3   6   8   9      1   2   3   4   5   6    3
1   2   3   4   5   6      1   2   3   6   8   9    3
1   2   4   5   6  10      1   2   3   5   6   9    8
1   2   3   5   6   9      1   2   4   5   6  10    8
1   2   4   5   6  10      1   2   3   4   6   8    8
1   2   3   4   6   8      1   2   4   5   6  10    8
1   2   3   5   6   7      1   2   3   5   6   7    9
1   2   3   4   6   7      1   2   3   4   6   7    9
1   2   3   6   7   8      1   2   3   4   8   9   10
1   2   3   4   8   9      1   2   3   6   7   8   10
1   2   3   4   7   8      1   2   3   6   8   9   10
1   2   3   6   8   9      1   2   3   4   7   8   10
1   2   3   5   7   9      1   2   3   6   8   9   10
1   2   3   6   8   9      1   2   3   5   7   9   10
1   2   3   6   7   9      1   2   3   5   8   9   10
1   2   3   5   8   9      1   2   3   6   7   9   10
1   2   4   5   6   9      1   2   3   5   6  10    8
1   2   3   5   6  10      1   2   4   5   6   9    8
1   2   4   5   6   8      1   2   3   4   6  10    8
1   2   3   4   6  10      1   2   4   5   6   8    8
1   2   4   6   7   8      1   2   3   4   5   7   11
1   2   3   4   5   7      1   2   4   6   7   8   11
1   2   3   5   7   9      1   2   4   5   6   7   11
1   2   4   5   6   7      1   2   3   5   7   9   11
1   2   4   5   6   7      1   2   3   4   7   8   11
1   2   3   4   7   8      1   2   4   5   6   7   11
1   2   3   4   5   7      1   2   5   6   7   9   11
1   2   5   6   7   9      1   2   3   4   5   7   11
1   2   5   6   9  10      1   2   3   4   5   6    8
1   2   3   4   5   6      1   2   5   6   9  10    8
1   2   4   6   8  10      1   2   3   4   5   6    8
1   2   3   4   5   6      1   2   4   6   8  10    8
1   2   4   5   7   8      1   2   3   4   7  10   12
1   2   3   4   7  10      1   2   4   5   7   8   12
1   2   3   4   7   8      1   2   4   5   7  10   12
1   2   4   5   7  10      1   2   3   4   7   8   12
1   2   3   5   7   9      1   2   4   5   7  10   12
1   2   4   5   7  10      1   2   3   5   7   9   12
1   2   4   5   7   9      1   2   3   5   7  10   12
1   2   3   5   7  10      1   2   4   5   7   9   12 (iworbd(iel,idet),iel=1,nelec), label_det(idet)
16 ncsf
1.00000000 -0.75690096 -0.56812240 -0.37934694 0.24317056 0.40655818 -0.06949017 -0.00390204 -0.22953891 0.18572625 0.09740735 -0.35067648 0.00031633 -0.00008407 -0.00483767 -0.00351984 (csf_coef(icsf),icsf=1,ncsf)
1  1  8  2  4  2  2  8  4  8  6  2  8  1 12  8 (ndet_in_csf(icsf),icsf=1,ncsf)
1 (iwdet_in_csf(idet_in_csf,icsf),idet_in_csf=1,ndet_in_csf(icsf))
1 (cdet_in_csf(idet_in_csf,icsf),idet_in_csf=1,ndet_in_csf(icsf))
2 (iwdet_in_csf(idet_in_csf,icsf),idet_in_csf=1,ndet_in_csf(icsf))
1 (cdet_in_csf(idet_in_csf,icsf),idet_in_csf=1,ndet_in_csf(icsf))
6   7   8   5  12  10   9  11 (iwdet_in_csf(idet_in_csf,icsf),idet_in_csf=1,ndet_in_csf(icsf))
1   1   1   1  -1  -1  -1  -1 (cdet_in_csf(idet_in_csf,icsf),idet_in_csf=1,ndet_in_csf(icsf))
3   4 (iwdet_in_csf(idet_in_csf,icsf),idet_in_csf=1,ndet_in_csf(icsf))
1   1 (cdet_in_csf(idet_in_csf,icsf),idet_in_csf=1,ndet_in_csf(icsf))
13  19  20  14 (iwdet_in_csf(idet_in_csf,icsf),idet_in_csf=1,ndet_in_csf(icsf))
1   1   1   1 (cdet_in_csf(idet_in_csf,icsf),idet_in_csf=1,ndet_in_csf(icsf))
16  15 (iwdet_in_csf(idet_in_csf,icsf),idet_in_csf=1,ndet_in_csf(icsf))
1   1 (cdet_in_csf(idet_in_csf,icsf),idet_in_csf=1,ndet_in_csf(icsf))
17  18 (iwdet_in_csf(idet_in_csf,icsf),idet_in_csf=1,ndet_in_csf(icsf))
1   1 (cdet_in_csf(idet_in_csf,icsf),idet_in_csf=1,ndet_in_csf(icsf))
31  45  44  30  29  43  42  28 (iwdet_in_csf(idet_in_csf,icsf),idet_in_csf=1,ndet_in_csf(icsf))
1   1   1   1  -1  -1  -1  -1 (cdet_in_csf(idet_in_csf,icsf),idet_in_csf=1,ndet_in_csf(icsf))
24  22  21  23 (iwdet_in_csf(idet_in_csf,icsf),idet_in_csf=1,ndet_in_csf(icsf))
1   1   1   1 (cdet_in_csf(idet_in_csf,icsf),idet_in_csf=1,ndet_in_csf(icsf))
39  40  41  38  37  34  35  36 (iwdet_in_csf(idet_in_csf,icsf),idet_in_csf=1,ndet_in_csf(icsf))
1   1   1   1  -1  -1  -1  -1 (cdet_in_csf(idet_in_csf,icsf),idet_in_csf=1,ndet_in_csf(icsf))
27  13  19  20  14  26 (iwdet_in_csf(idet_in_csf,icsf),idet_in_csf=1,ndet_in_csf(icsf))
2   1  -1  -1   1   2 (cdet_in_csf(idet_in_csf,icsf),idet_in_csf=1,ndet_in_csf(icsf))
33  32 (iwdet_in_csf(idet_in_csf,icsf),idet_in_csf=1,ndet_in_csf(icsf))
1   1 (cdet_in_csf(idet_in_csf,icsf),idet_in_csf=1,ndet_in_csf(icsf))
52  48  49  53  47  51  50  46 (iwdet_in_csf(idet_in_csf,icsf),idet_in_csf=1,ndet_in_csf(icsf))
1  -1  -1   1  -1   1   1  -1 (cdet_in_csf(idet_in_csf,icsf),idet_in_csf=1,ndet_in_csf(icsf))
25 (iwdet_in_csf(idet_in_csf,icsf),idet_in_csf=1,ndet_in_csf(icsf))
1 (cdet_in_csf(idet_in_csf,icsf),idet_in_csf=1,ndet_in_csf(icsf))
57  31  45  44  30  56  55  29  43  42  28  54 (iwdet_in_csf(idet_in_csf,icsf),idet_in_csf=1,ndet_in_csf(icsf))
2   1  -1  -1   1   2  -2  -1   1   1  -1  -2 (cdet_in_csf(idet_in_csf,icsf),idet_in_csf=1,ndet_in_csf(icsf))
62  65  64  63  60  59  58  61 (iwdet_in_csf(idet_in_csf,icsf),idet_in_csf=1,ndet_in_csf(icsf))
1   1   1   1  -1  -1  -1  -1 (cdet_in_csf(idet_in_csf,icsf),idet_in_csf=1,ndet_in_csf(icsf))

'* Jastrow section'
1             ianalyt_lap
4 2 1 1 5 0   ijas,isc,nspin1,nspin2,nord,ifock
5 5 5         norda,nordb,nordc
0.8 0. scalek,a21
0. 0. -0.13476731 0.92931504 -2.00129585 0.29888202 (a(iparmj),iparmj=1,nparma)
.5 1.31089344 0.78286193 -1.55501740 1.31777916 -0.34319934 (b(iparmj),iparmj=1,nparmb)
0.05922089 -0.74114736 -2.18205484 1.03378711 2.27805280 0.50392024 2.52436270 0.89710961 -1.94785847 0.73722707 -2.97780220 -1.67960745 0.90785008 -0.81704983 0.66706698 -1.07051438 -0.56207247 1.68236003 -0.76631999 0.21569849 0.55062150 1.06002006 -0.43628807 (c(iparmj),iparmj=1,nparmc)

'* Optimization section'
10 10000 1.d-4 0. 1.d-5     nopt_iter,nblk_max,add_diag(1),p_var,tol_energy
4000 39 1 1 9 1000 21101 1 NDATA,NPARM,icusp,icusp2,NSIG,NCALLS,iopt,ipr
0 2 0 0 i3body,irewgt,iaver,istrech
0 0 0 0 0 0 0 0 0 0 ipos,idcds,idcdr,idcdt,id2cds,id2cdr,id2cdt,idbds,idbdr,idbdt
0 0 0 1 1 0 0 1 1 0 1 1 0 0 1 1 0 0 1 1 1 1 1 1 0 1 1 0 0 0 0 0 0 0 0 0 1 1 1 1 1 1 1 1 (lo(iorb),iorb=1,norb)
 0 4  5  15  0 15 0 0  nparml,nparma,nparmb,nparmc,nparmf,nparmcsf,nparms,nparmg 28 4  5  15  0 15 0 0  nparml,nparma,nparmb,nparmc,nparmf,nparmcsf,nparms,nparmg 54 4  5  15  0 15 0 0  nparml,nparma,nparmb,nparmc,nparmf,nparmcsf,nparms,nparmg
1  5   1 14   1 15   1 16   1 17   1 18   2  5   2 14   2 15   2 16   2 17   2 18   3  5   3 14   3 15   3 16   3 17   3 18   4  6   4  7   4 21   6  4   6  5   6 14   6 15   6 16   6 17   6 18   7  4   7  5   7 14   7 15   7 16   7 17   7 18   8 11   8 12   10  4  10  5  10 14  10 15  10 16  10 17  10 18 (iworb(i),iwbasi(i),i=1,nparml)
1  2  3  4  5  6  7  8  9 (iwbase(i),i=1,nparme)
2 3 4 5 6 7 8 9 10 11 12 13 14 15 16 (iwcsf(iparm),iparm=1,nparmcsf)
    3 4 5 6 (iwjasa(iparm),iparm=1,nparma)
2 3 4 5 6 (iwjasb(iparm),iparm=1,nparmb)
    3   5   7 8 9    11    13 14 15 16 17 18    20 21    23 (iwjasc(iparm),iparm=1,nparmc)
90 35     necn,nebase
1 23   1  1    1 24   1  2    1 25   1  3    1 26   1  4    1 27   1  5    1 36  -1 14    1 37  -1 15    1 38  -1 16    1 39  -1 17    1 40   1 18    2 23  -2  1    2 24  -2  2    2 25  -2  3    2 26  -2  4    2 27  -2  5    2 36   2 14    2 37   2 15    2 38   2 16    2 39   2 17    2 40  -2 18    3 23   3  1    3 24   3  2    3 25   3  3    3 26   3  4    3 27   3  5    3 36  -3 14    3 37  -3 15    3 38  -3 16    3 39  -3 17    3 40   3 18    4 28   4  6    4 29   4  7    4 30   4  8    4 31   4  9    4 43  -4 21    5 10   4  6    5 11   4  7    5 12   4  8    5 13   4  9    5 22   4 21    5 32   4  6    5 33   4  7    5 34   4  8    5 35   4  9    5 44  -4 21    6 23  -6  1    6 24  -6  2    6 25  -6  3    6 26  -6  4    6 27  -6  5    6 36   6 14    6 37   6 15    6 38   6 16    6 39   6 17    6 40  -6 18    7 23   7  1    7 24   7  2    7 25   7  3    7 26   7  4    7 27   7  5    7 36  -7 14    7 37  -7 15    7 38  -7 16    7 39  -7 17    7 40   7 18    8 32  -8 10    8 33  -8 11    8 34  -8 12    8 35  -8 13    8 44   8 22    9  6   8 10    9  7   8 11    9  8   8 12    9  9   8 13    9 21   8 22    9 28  -8 10    9 29  -8 11    9 30  -8 12    9 31  -8 13    9 43   8 22   10 23 -10  1   10 24 -10  2   10 25 -10  3   10 26 -10  4   10 27 -10  5   10 36  10 14   10 37  10 15   10 38  10 16   10 39  10 17   10 40 -10 18   ((ieorb(k,i),iebasi(k,i),k=1,2),i=1,necn)
10  6  11  7  12  8  13  9  14  6  15  7  16  8  17  9  18 5  19 5  20 5  21 5  22 5  23  1  24  2  25  3  26  4  27  5  28  6  29  7  30  8  31  9  32  6  33  7  34  8  35  9  36  6  37  7  38  8  39  9  40 5  41 5  42 5  43 5  44 5  ((iebase(k,i),k=1,2),i=1,nebase)
0 0 0 0 0 0 0 0 0 0 0 0 0 0 0 0 0 0 0 0 0 0 0 0 0 0 0 0 0 0 0 0 0 0 0 0 0 0 0 0 0 0 0 0 (lo(iorb),iorb=0,norb) 1 2 1 3 4 2 1 4 3 2 (ipivot(j),j=1,norb)
-75.88 eave
1.d-6 5. 1 200 4 pmarquardt,tau,noutput,nstep,ibold
F F analytic,cholesky
end

orbitals
 symmetry
1 2 1 3 4 2 1 6 5 2 3 4 1 2 6 5 1 2 3 4 7 8 9 10 1 6 5 2 1 1 1 1 2 2 2 2 6 6 5 5 3 3 4 4
 end
end

basis
 optimized_exponents 1 2 3 4 6 7 end
end

optimization
 check_convergence_nb = 2
 parameters jastrow csfs orbitals exponents end
 method = linear
 increase_blocks=true
 increase_blocks_factor=1.5
!do_add_diag_mult_exp=.true. 
 add_diag_reset_value = 1.d-8	
 casscf=true
end
exit

---
  70  90 nparml,necn
  1  1   1  2   1  3   1  4   1  5   1 14   1 15   1 16   1 17   1 18   2  1   2  2   2  3   2  4   2  5   2 14   2 15   2 16   2 17   2 18   3  1   3  2   3  3   3  4   3  5   3 14   3 15   3 16   3 17   3 18   4  6   4  7   4  8   4  9   4 21   6  1   6  2   6  3   6  4   6  5   6 14   6 15   6 16   6 17   6 18   7  1   7  2   7  3   7  4   7  5   7 14   7 15   7 16   7 17   7 18   8 10   8 11   8 12   8 13   8 22  10  1  10  2  10  3  10  4  10  5  10 14  10 15  10 16  10 17  10 18  (iworb(i),iwbasi(i),i=1,nparml)
  1 23   1  1    1 24   1  2    1 25   1  3    1 26   1  4    1 27   1  5    1 36  -1 14    1 37  -1 15    1 38  -1 16    1 39  -1 17    1 40   1 18    2 23  -2  1    2 24  -2  2    2 25  -2  3    2 26  -2  4    2 27  -2  5    2 36   2 14    2 37   2 15    2 38   2 16    2 39   2 17    2 40  -2 18    3 23   3  1    3 24   3  2    3 25   3  3    3 26   3  4    3 27   3  5    3 36  -3 14    3 37  -3 15    3 38  -3 16    3 39  -3 17    3 40   3 18    4 28   4  6    4 29   4  7    4 30   4  8    4 31   4  9    4 43  -4 21    5 10   4  6    5 11   4  7    5 12   4  8    5 13   4  9    5 22   4 21    5 32   4  6    5 33   4  7    5 34   4  8    5 35   4  9    5 44  -4 21    6 23  -6  1    6 24  -6  2    6 25  -6  3    6 26  -6  4    6 27  -6  5    6 36   6 14    6 37   6 15    6 38   6 16    6 39   6 17    6 40  -6 18    7 23   7  1    7 24   7  2    7 25   7  3    7 26   7  4    7 27   7  5    7 36  -7 14    7 37  -7 15    7 38  -7 16    7 39  -7 17    7 40   7 18    8 32  -8 10    8 33  -8 11    8 34  -8 12    8 35  -8 13    8 44   8 22    9  6   8 10    9  7   8 11    9  8   8 12    9  9   8 13    9 21   8 22    9 28  -8 10    9 29  -8 11    9 30  -8 12    9 31  -8 13    9 43   8 22   10 23 -10  1   10 24 -10  2   10 25 -10  3   10 26 -10  4   10 27 -10  5   10 36  10 14   10 37  10 15   10 38  10 16   10 39  10 17   10 40 -10 18   ((ieorb(k,i),iebasi(k,i),k=1,2),i=1,necn)
  10  34 nparme,nebase
  1  2  3  4  5  6  7  8  9 18 (iwbase(i),i=1,nparme)
 10  6  11  7  12  8  13  9  14  6  15  7  16  8  17  9  19 18  20 18  21 18  22 18  23  1  24  2  25  3  26  4  27  5  28  6  29  7  30  8  31  9  32  6  33  7  34  8  35  9  36  6  37  7  38  8  39  9  40 18  41 18  42 18  43 18  44 18  ((iebase(k,i),k=1,2),i=1,nebase)
0 0 0 1 1 0 0 1 1 0 (lo(iorb),iorb=1,norb)
